Date: Thu, 4 Oct 2001 16:03:12 -0700 (PDT)
From: kysa.alport@enron.com
To: shift.dl-portland@enron.com
Subject: Real Time Deals for October 5th
X-FileName: CDEAN2 (Non-Privileged).pst

 	  	  	  	  	  	  	  	  	  	  	 			
Desk	 Short Term Northwest	 Short Term California	 Short Term Southwest	  	 	
Flow Date	 10/5/2001	 10/5/2001	 10/5/2001	 10/5/2001	 10/5/2001	 10/5/2001	 10/5/2001	 10/5/2001	 10/5/2001	  	 	
Deal Number	  	  	  	 9/9/4102	  	  	  	  	  	  	 	
Delivery Point	 NO DEALS TO REAL TIME	 SP	  	  	 NO DEALS TO REAL TIME	  	 	
CTPY	  	  	  	 CA Imbalance	  	  	  	  	  	  	 	
MWH	  	  	  	 12	  	  	  	  	  	  	 	
Position	  	  	  	 Short	  	  	  	  	  	  	 	
Hours	  	  	  	 Peak	  	  	  	  	  	  	 	
Price	  	  	  	  $                  24.13 	 	  	  	  	  	  	 	
 	  	  	 	
 	 Short Term Northwest	 Short Term California	 Short Term Southwest	  	 	
1	 0.00 	0.00 	0.00 	0.00 	0.00 	0.00 	0.00 	0.00 	0.00 	 	 	
2	 0.00 	0.00 	0.00 	0.00 	0.00 	0.00 	0.00 	0.00 	0.00 	 	 	
3	 0.00 	0.00 	0.00 	0.00 	0.00 	0.00 	0.00 	0.00 	0.00 	 	 	
4	 0.00 	0.00 	0.00 	0.00 	0.00 	0.00 	0.00 	0.00 	0.00 	 	 	
5	 0.00 	0.00 	0.00 	0.00 	0.00 	0.00 	0.00 	0.00 	0.00 	 	 	
6	 0.00 	0.00 	0.00 	0.00 	0.00 	0.00 	0.00 	0.00 	0.00 	 	 	
7	 0.00 	0.00 	0.00 	0.00 	(12.00)	 0.00 	0.00 	0.00 	0.00 	 	 	
8	 0.00 	0.00 	0.00 	0.00 	(12.00)	 0.00 	0.00 	0.00 	0.00 	 	 	
9	 0.00 	0.00 	0.00 	0.00 	(12.00)	 0.00 	0.00 	0.00 	0.00 	 	 	
10	 0.00 	0.00 	0.00 	0.00 	(12.00)	 0.00 	0.00 	0.00 	0.00 	 	 	
11	 0.00 	0.00 	0.00 	0.00 	(12.00)	 0.00 	0.00 	0.00 	0.00 	 	 	
12	 0.00 	0.00 	0.00 	0.00 	(12.00)	 0.00 	0.00 	0.00 	0.00 	 	 	
13	 0.00 	0.00 	0.00 	0.00 	(12.00)	 0.00 	0.00 	0.00 	0.00 	 	 	
14	 0.00 	0.00 	0.00 	0.00 	(12.00)	 0.00 	0.00 	0.00 	0.00 	 	 	
15	 0.00 	0.00 	0.00 	0.00 	(12.00)	 0.00 	0.00 	0.00 	0.00 	 	 	
16	 0.00 	0.00 	0.00 	0.00 	(12.00)	 0.00 	0.00 	0.00 	0.00 	 	 	
17	 0.00 	0.00 	0.00 	0.00 	(12.00)	 0.00 	0.00 	0.00 	0.00 	 	 	
18	 0.00 	0.00 	0.00 	0.00 	(12.00)	 0.00 	0.00 	0.00 	0.00 	 	 	
19	 0.00 	0.00 	0.00 	0.00 	(12.00)	 0.00 	0.00 	0.00 	0.00 	 	 	
20	 0.00 	0.00 	0.00 	0.00 	(12.00)	 0.00 	0.00 	0.00 	0.00 	 	 	
21	 0.00 	0.00 	0.00 	0.00 	(12.00)	 0.00 	0.00 	0.00 	0.00 	 	 	
22	 0.00 	0.00 	0.00 	0.00 	(12.00)	 0.00 	0.00 	0.00 	0.00 	 	 	
23	 0.00 	0.00 	0.00 	0.00 	0.00 	0.00 	0.00 	0.00 	0.00 	 	 	
24	 0.00 	0.00 	0.00 	0.00 	0.00 	0.00 	0.00 	0.00 	0.00 	 	 	
Total	 0.00 	0.00 	0.00 	0.00 	(192.00)	 0.00 	0.00 	0.00 	0.00 	 	 	
 	  	  	 	
			
			
			
			
			
			
			
			
			
			
			
			
		
		
		
		
		
		
		
		
		
														

<MARKUP id=bill Time=Fri Jan 13 17:13:46 GMT 2006 Interesting=false>CORE_BUSINESS</MARKUP>
